12
1 测试1 测试按钮1
1 0 0 1 0 0 0 0 0 0 0 0 0 2 
1 测试2 测试按钮2
5 0 0 0 0 0 0 0 0 0 0 0 0 0 
3 测试3 测试按钮3 55.00
0 0 0 0 0 0 0 0 0 0 0 0 0 1 
3 测试4 测试按钮4 0.00
0 0 0 0 0 0 0 0 0 0 0 0 3 0 
3 测试5 测试按钮5 34.00
0 0 0 0 0 0 0 0 0 0 0 0 0 0 
1 测试6 测试按钮6
0 0 0 0 0 0 0 0 0 0 0 0 0 0 
1 测试7 测试按钮7
0 0 0 0 0 0 0 0 0 0 0 0 0 0 
1 测试8 测试按钮8
0 0 0 0 0 0 0 0 0 0 0 0 0 0 
1 测试9 测试按钮9
0 0 0 0 0 0 0 0 0 0 0 0 0 0 
1 测试10 测试按钮10
0 0 0 0 0 0 0 0 1 0 0 0 1 1 
1 测试11 测试按钮11
0 0 0 0 0 0 0 0 0 0 0 0 0 0 
2 测试12 测试按钮12 3
0 0 0 0 0 0 0 0 0 0 0 0 0 0 
